{
 "cells": [
  {
   "cell_type": "code",
   "execution_count": 1,
   "metadata": {},
   "outputs": [],
   "source": [
    "%reload_ext autoreload\n",
    "%autoreload 3\n",
    "\n",
    "from src.acnets.parcellations import friedman\n",
    "from src.acnets.pipeline import Parcellation, ConnectivityPipeline\n",
    "\n",
    "from sklearn.preprocessing import LabelEncoder\n",
    "\n",
    "from sklearn.model_selection import StratifiedShuffleSplit\n",
    "from pathlib import Path"
   ]
  },
  {
   "cell_type": "code",
   "execution_count": 2,
   "metadata": {},
   "outputs": [],
   "source": [
    "# PARAMETERS\n",
    "\n",
    "CV = StratifiedShuffleSplit(n_splits=100, test_size=8)\n",
    "N_PERMUTATIONS = 10\n",
    "N_TOP_MODELS = 10\n",
    "\n",
    "MODELS_DIR= Path('models')"
   ]
  },
  {
   "cell_type": "code",
   "execution_count": 3,
   "metadata": {},
   "outputs": [],
   "source": [
    "# 1. DATA\n",
    "\n",
    "subjects = ConnectivityPipeline().transform('all').coords['subject'].values\n",
    "groups = [s[:4] for s in subjects]  # AVGP or NVGP\n",
    "\n",
    "X = subjects.reshape(-1, 1)\n",
    "\n",
    "y_encoder = LabelEncoder()\n",
    "y = y_encoder.fit_transform(groups)"
   ]
  },
  {
   "cell_type": "code",
   "execution_count": 22,
   "metadata": {},
   "outputs": [
    {
     "data": {
      "text/html": [
       "<div><svg style=\"position: absolute; width: 0; height: 0; overflow: hidden\">\n",
       "<defs>\n",
       "<symbol id=\"icon-database\" viewBox=\"0 0 32 32\">\n",
       "<path d=\"M16 0c-8.837 0-16 2.239-16 5v4c0 2.761 7.163 5 16 5s16-2.239 16-5v-4c0-2.761-7.163-5-16-5z\"></path>\n",
       "<path d=\"M16 17c-8.837 0-16-2.239-16-5v6c0 2.761 7.163 5 16 5s16-2.239 16-5v-6c0 2.761-7.163 5-16 5z\"></path>\n",
       "<path d=\"M16 26c-8.837 0-16-2.239-16-5v6c0 2.761 7.163 5 16 5s16-2.239 16-5v-6c0 2.761-7.163 5-16 5z\"></path>\n",
       "</symbol>\n",
       "<symbol id=\"icon-file-text2\" viewBox=\"0 0 32 32\">\n",
       "<path d=\"M28.681 7.159c-0.694-0.947-1.662-2.053-2.724-3.116s-2.169-2.030-3.116-2.724c-1.612-1.182-2.393-1.319-2.841-1.319h-15.5c-1.378 0-2.5 1.121-2.5 2.5v27c0 1.378 1.122 2.5 2.5 2.5h23c1.378 0 2.5-1.122 2.5-2.5v-19.5c0-0.448-0.137-1.23-1.319-2.841zM24.543 5.457c0.959 0.959 1.712 1.825 2.268 2.543h-4.811v-4.811c0.718 0.556 1.584 1.309 2.543 2.268zM28 29.5c0 0.271-0.229 0.5-0.5 0.5h-23c-0.271 0-0.5-0.229-0.5-0.5v-27c0-0.271 0.229-0.5 0.5-0.5 0 0 15.499-0 15.5 0v7c0 0.552 0.448 1 1 1h7v19.5z\"></path>\n",
       "<path d=\"M23 26h-14c-0.552 0-1-0.448-1-1s0.448-1 1-1h14c0.552 0 1 0.448 1 1s-0.448 1-1 1z\"></path>\n",
       "<path d=\"M23 22h-14c-0.552 0-1-0.448-1-1s0.448-1 1-1h14c0.552 0 1 0.448 1 1s-0.448 1-1 1z\"></path>\n",
       "<path d=\"M23 18h-14c-0.552 0-1-0.448-1-1s0.448-1 1-1h14c0.552 0 1 0.448 1 1s-0.448 1-1 1z\"></path>\n",
       "</symbol>\n",
       "</defs>\n",
       "</svg>\n",
       "<style>/* CSS stylesheet for displaying xarray objects in jupyterlab.\n",
       " *\n",
       " */\n",
       "\n",
       ":root {\n",
       "  --xr-font-color0: var(--jp-content-font-color0, rgba(0, 0, 0, 1));\n",
       "  --xr-font-color2: var(--jp-content-font-color2, rgba(0, 0, 0, 0.54));\n",
       "  --xr-font-color3: var(--jp-content-font-color3, rgba(0, 0, 0, 0.38));\n",
       "  --xr-border-color: var(--jp-border-color2, #e0e0e0);\n",
       "  --xr-disabled-color: var(--jp-layout-color3, #bdbdbd);\n",
       "  --xr-background-color: var(--jp-layout-color0, white);\n",
       "  --xr-background-color-row-even: var(--jp-layout-color1, white);\n",
       "  --xr-background-color-row-odd: var(--jp-layout-color2, #eeeeee);\n",
       "}\n",
       "\n",
       "html[theme=dark],\n",
       "body[data-theme=dark],\n",
       "body.vscode-dark {\n",
       "  --xr-font-color0: rgba(255, 255, 255, 1);\n",
       "  --xr-font-color2: rgba(255, 255, 255, 0.54);\n",
       "  --xr-font-color3: rgba(255, 255, 255, 0.38);\n",
       "  --xr-border-color: #1F1F1F;\n",
       "  --xr-disabled-color: #515151;\n",
       "  --xr-background-color: #111111;\n",
       "  --xr-background-color-row-even: #111111;\n",
       "  --xr-background-color-row-odd: #313131;\n",
       "}\n",
       "\n",
       ".xr-wrap {\n",
       "  display: block !important;\n",
       "  min-width: 300px;\n",
       "  max-width: 700px;\n",
       "}\n",
       "\n",
       ".xr-text-repr-fallback {\n",
       "  /* fallback to plain text repr when CSS is not injected (untrusted notebook) */\n",
       "  display: none;\n",
       "}\n",
       "\n",
       ".xr-header {\n",
       "  padding-top: 6px;\n",
       "  padding-bottom: 6px;\n",
       "  margin-bottom: 4px;\n",
       "  border-bottom: solid 1px var(--xr-border-color);\n",
       "}\n",
       "\n",
       ".xr-header > div,\n",
       ".xr-header > ul {\n",
       "  display: inline;\n",
       "  margin-top: 0;\n",
       "  margin-bottom: 0;\n",
       "}\n",
       "\n",
       ".xr-obj-type,\n",
       ".xr-array-name {\n",
       "  margin-left: 2px;\n",
       "  margin-right: 10px;\n",
       "}\n",
       "\n",
       ".xr-obj-type {\n",
       "  color: var(--xr-font-color2);\n",
       "}\n",
       "\n",
       ".xr-sections {\n",
       "  padding-left: 0 !important;\n",
       "  display: grid;\n",
       "  grid-template-columns: 150px auto auto 1fr 20px 20px;\n",
       "}\n",
       "\n",
       ".xr-section-item {\n",
       "  display: contents;\n",
       "}\n",
       "\n",
       ".xr-section-item input {\n",
       "  display: none;\n",
       "}\n",
       "\n",
       ".xr-section-item input + label {\n",
       "  color: var(--xr-disabled-color);\n",
       "}\n",
       "\n",
       ".xr-section-item input:enabled + label {\n",
       "  cursor: pointer;\n",
       "  color: var(--xr-font-color2);\n",
       "}\n",
       "\n",
       ".xr-section-item input:enabled + label:hover {\n",
       "  color: var(--xr-font-color0);\n",
       "}\n",
       "\n",
       ".xr-section-summary {\n",
       "  grid-column: 1;\n",
       "  color: var(--xr-font-color2);\n",
       "  font-weight: 500;\n",
       "}\n",
       "\n",
       ".xr-section-summary > span {\n",
       "  display: inline-block;\n",
       "  padding-left: 0.5em;\n",
       "}\n",
       "\n",
       ".xr-section-summary-in:disabled + label {\n",
       "  color: var(--xr-font-color2);\n",
       "}\n",
       "\n",
       ".xr-section-summary-in + label:before {\n",
       "  display: inline-block;\n",
       "  content: '►';\n",
       "  font-size: 11px;\n",
       "  width: 15px;\n",
       "  text-align: center;\n",
       "}\n",
       "\n",
       ".xr-section-summary-in:disabled + label:before {\n",
       "  color: var(--xr-disabled-color);\n",
       "}\n",
       "\n",
       ".xr-section-summary-in:checked + label:before {\n",
       "  content: '▼';\n",
       "}\n",
       "\n",
       ".xr-section-summary-in:checked + label > span {\n",
       "  display: none;\n",
       "}\n",
       "\n",
       ".xr-section-summary,\n",
       ".xr-section-inline-details {\n",
       "  padding-top: 4px;\n",
       "  padding-bottom: 4px;\n",
       "}\n",
       "\n",
       ".xr-section-inline-details {\n",
       "  grid-column: 2 / -1;\n",
       "}\n",
       "\n",
       ".xr-section-details {\n",
       "  display: none;\n",
       "  grid-column: 1 / -1;\n",
       "  margin-bottom: 5px;\n",
       "}\n",
       "\n",
       ".xr-section-summary-in:checked ~ .xr-section-details {\n",
       "  display: contents;\n",
       "}\n",
       "\n",
       ".xr-array-wrap {\n",
       "  grid-column: 1 / -1;\n",
       "  display: grid;\n",
       "  grid-template-columns: 20px auto;\n",
       "}\n",
       "\n",
       ".xr-array-wrap > label {\n",
       "  grid-column: 1;\n",
       "  vertical-align: top;\n",
       "}\n",
       "\n",
       ".xr-preview {\n",
       "  color: var(--xr-font-color3);\n",
       "}\n",
       "\n",
       ".xr-array-preview,\n",
       ".xr-array-data {\n",
       "  padding: 0 5px !important;\n",
       "  grid-column: 2;\n",
       "}\n",
       "\n",
       ".xr-array-data,\n",
       ".xr-array-in:checked ~ .xr-array-preview {\n",
       "  display: none;\n",
       "}\n",
       "\n",
       ".xr-array-in:checked ~ .xr-array-data,\n",
       ".xr-array-preview {\n",
       "  display: inline-block;\n",
       "}\n",
       "\n",
       ".xr-dim-list {\n",
       "  display: inline-block !important;\n",
       "  list-style: none;\n",
       "  padding: 0 !important;\n",
       "  margin: 0;\n",
       "}\n",
       "\n",
       ".xr-dim-list li {\n",
       "  display: inline-block;\n",
       "  padding: 0;\n",
       "  margin: 0;\n",
       "}\n",
       "\n",
       ".xr-dim-list:before {\n",
       "  content: '(';\n",
       "}\n",
       "\n",
       ".xr-dim-list:after {\n",
       "  content: ')';\n",
       "}\n",
       "\n",
       ".xr-dim-list li:not(:last-child):after {\n",
       "  content: ',';\n",
       "  padding-right: 5px;\n",
       "}\n",
       "\n",
       ".xr-has-index {\n",
       "  font-weight: bold;\n",
       "}\n",
       "\n",
       ".xr-var-list,\n",
       ".xr-var-item {\n",
       "  display: contents;\n",
       "}\n",
       "\n",
       ".xr-var-item > div,\n",
       ".xr-var-item label,\n",
       ".xr-var-item > .xr-var-name span {\n",
       "  background-color: var(--xr-background-color-row-even);\n",
       "  margin-bottom: 0;\n",
       "}\n",
       "\n",
       ".xr-var-item > .xr-var-name:hover span {\n",
       "  padding-right: 5px;\n",
       "}\n",
       "\n",
       ".xr-var-list > li:nth-child(odd) > div,\n",
       ".xr-var-list > li:nth-child(odd) > label,\n",
       ".xr-var-list > li:nth-child(odd) > .xr-var-name span {\n",
       "  background-color: var(--xr-background-color-row-odd);\n",
       "}\n",
       "\n",
       ".xr-var-name {\n",
       "  grid-column: 1;\n",
       "}\n",
       "\n",
       ".xr-var-dims {\n",
       "  grid-column: 2;\n",
       "}\n",
       "\n",
       ".xr-var-dtype {\n",
       "  grid-column: 3;\n",
       "  text-align: right;\n",
       "  color: var(--xr-font-color2);\n",
       "}\n",
       "\n",
       ".xr-var-preview {\n",
       "  grid-column: 4;\n",
       "}\n",
       "\n",
       ".xr-index-preview {\n",
       "  grid-column: 2 / 5;\n",
       "  color: var(--xr-font-color2);\n",
       "}\n",
       "\n",
       ".xr-var-name,\n",
       ".xr-var-dims,\n",
       ".xr-var-dtype,\n",
       ".xr-preview,\n",
       ".xr-attrs dt {\n",
       "  white-space: nowrap;\n",
       "  overflow: hidden;\n",
       "  text-overflow: ellipsis;\n",
       "  padding-right: 10px;\n",
       "}\n",
       "\n",
       ".xr-var-name:hover,\n",
       ".xr-var-dims:hover,\n",
       ".xr-var-dtype:hover,\n",
       ".xr-attrs dt:hover {\n",
       "  overflow: visible;\n",
       "  width: auto;\n",
       "  z-index: 1;\n",
       "}\n",
       "\n",
       ".xr-var-attrs,\n",
       ".xr-var-data,\n",
       ".xr-index-data {\n",
       "  display: none;\n",
       "  background-color: var(--xr-background-color) !important;\n",
       "  padding-bottom: 5px !important;\n",
       "}\n",
       "\n",
       ".xr-var-attrs-in:checked ~ .xr-var-attrs,\n",
       ".xr-var-data-in:checked ~ .xr-var-data,\n",
       ".xr-index-data-in:checked ~ .xr-index-data {\n",
       "  display: block;\n",
       "}\n",
       "\n",
       ".xr-var-data > table {\n",
       "  float: right;\n",
       "}\n",
       "\n",
       ".xr-var-name span,\n",
       ".xr-var-data,\n",
       ".xr-index-name div,\n",
       ".xr-index-data,\n",
       ".xr-attrs {\n",
       "  padding-left: 25px !important;\n",
       "}\n",
       "\n",
       ".xr-attrs,\n",
       ".xr-var-attrs,\n",
       ".xr-var-data,\n",
       ".xr-index-data {\n",
       "  grid-column: 1 / -1;\n",
       "}\n",
       "\n",
       "dl.xr-attrs {\n",
       "  padding: 0;\n",
       "  margin: 0;\n",
       "  display: grid;\n",
       "  grid-template-columns: 125px auto;\n",
       "}\n",
       "\n",
       ".xr-attrs dt,\n",
       ".xr-attrs dd {\n",
       "  padding: 0;\n",
       "  margin: 0;\n",
       "  float: left;\n",
       "  padding-right: 10px;\n",
       "  width: auto;\n",
       "}\n",
       "\n",
       ".xr-attrs dt {\n",
       "  font-weight: normal;\n",
       "  grid-column: 1;\n",
       "}\n",
       "\n",
       ".xr-attrs dt:hover span {\n",
       "  display: inline-block;\n",
       "  background: var(--xr-background-color);\n",
       "  padding-right: 10px;\n",
       "}\n",
       "\n",
       ".xr-attrs dd {\n",
       "  grid-column: 2;\n",
       "  white-space: pre-wrap;\n",
       "  word-break: break-all;\n",
       "}\n",
       "\n",
       ".xr-icon-database,\n",
       ".xr-icon-file-text2,\n",
       ".xr-no-icon {\n",
       "  display: inline-block;\n",
       "  vertical-align: middle;\n",
       "  width: 1em;\n",
       "  height: 1.5em !important;\n",
       "  stroke-width: 0;\n",
       "  stroke: currentColor;\n",
       "  fill: currentColor;\n",
       "}\n",
       "</style><pre class='xr-text-repr-fallback'>&lt;xarray.DataArray &#x27;connectivity&#x27; (subject: 32, node: 4)&gt;\n",
       "array([[[1.        , 0.71543554, 0.60001409, 0.83643108],\n",
       "        [0.71543554, 1.        , 0.78156761, 0.87286613],\n",
       "        [0.60001409, 0.78156761, 1.        , 0.80792602],\n",
       "        [0.83643108, 0.87286613, 0.80792602, 1.        ]],\n",
       "\n",
       "       [[1.        , 0.61651215, 0.68902344, 0.88649167],\n",
       "        [0.61651215, 1.        , 0.55398727, 0.67932261],\n",
       "        [0.68902344, 0.55398727, 1.        , 0.7430066 ],\n",
       "        [0.88649167, 0.67932261, 0.7430066 , 1.        ]],\n",
       "\n",
       "       [[1.        , 0.60267528, 0.55179634, 0.83046061],\n",
       "        [0.60267528, 1.        , 0.52613913, 0.73333818],\n",
       "        [0.55179634, 0.52613913, 1.        , 0.61720119],\n",
       "        [0.83046061, 0.73333818, 0.61720119, 1.        ]],\n",
       "\n",
       "       [[1.        , 0.39732629, 0.34316567, 0.70862419],\n",
       "        [0.39732629, 1.        , 0.3626878 , 0.48204836],\n",
       "        [0.34316567, 0.3626878 , 1.        , 0.49069447],\n",
       "        [0.70862419, 0.48204836, 0.49069447, 1.        ]],\n",
       "\n",
       "...\n",
       "\n",
       "       [[1.        , 0.48090893, 0.41006252, 0.79590872],\n",
       "        [0.48090893, 1.        , 0.39604633, 0.50771438],\n",
       "        [0.41006252, 0.39604633, 1.        , 0.61065965],\n",
       "        [0.79590872, 0.50771438, 0.61065965, 1.        ]],\n",
       "\n",
       "       [[1.        , 0.59589597, 0.31192156, 0.71193696],\n",
       "        [0.59589597, 1.        , 0.47462408, 0.5778028 ],\n",
       "        [0.31192156, 0.47462408, 1.        , 0.41152133],\n",
       "        [0.71193696, 0.5778028 , 0.41152133, 1.        ]],\n",
       "\n",
       "       [[1.        , 0.56406054, 0.52514908, 0.84227773],\n",
       "        [0.56406054, 1.        , 0.47378301, 0.55902346],\n",
       "        [0.52514908, 0.47378301, 1.        , 0.57860385],\n",
       "        [0.84227773, 0.55902346, 0.57860385, 1.        ]],\n",
       "\n",
       "       [[1.        , 0.60190464, 0.54854453, 0.82977004],\n",
       "        [0.60190464, 1.        , 0.58825282, 0.59894593],\n",
       "        [0.54854453, 0.58825282, 1.        , 0.65786889],\n",
       "        [0.82977004, 0.59894593, 0.65786889, 1.        ]]])\n",
       "Coordinates:\n",
       "  * subject  (subject) object &#x27;AVGP01&#x27; &#x27;AVGP02&#x27; ... &#x27;NVGP19&#x27; &#x27;NVGP19NEW&#x27;\n",
       "  * node     (node) &lt;U3 &#x27;CON&#x27; &#x27;DAN&#x27; &#x27;FPN&#x27; &#x27;VAN&#x27;</pre><div class='xr-wrap' style='display:none'><div class='xr-header'><div class='xr-obj-type'>xarray.DataArray</div><div class='xr-array-name'>'connectivity'</div><ul class='xr-dim-list'><li><span class='xr-has-index'>subject</span>: 32</li><li><span class='xr-has-index'>node</span>: 4</li></ul></div><ul class='xr-sections'><li class='xr-section-item'><div class='xr-array-wrap'><input id='section-b73aa13d-8f0f-494a-b8fd-9406bcef14a5' class='xr-array-in' type='checkbox' checked><label for='section-b73aa13d-8f0f-494a-b8fd-9406bcef14a5' title='Show/hide data repr'><svg class='icon xr-icon-database'><use xlink:href='#icon-database'></use></svg></label><div class='xr-array-preview xr-preview'><span>1.0 0.7154 0.6 0.8364 0.7154 1.0 ... 0.6579 0.8298 0.5989 0.6579 1.0</span></div><div class='xr-array-data'><pre>array([[[1.        , 0.71543554, 0.60001409, 0.83643108],\n",
       "        [0.71543554, 1.        , 0.78156761, 0.87286613],\n",
       "        [0.60001409, 0.78156761, 1.        , 0.80792602],\n",
       "        [0.83643108, 0.87286613, 0.80792602, 1.        ]],\n",
       "\n",
       "       [[1.        , 0.61651215, 0.68902344, 0.88649167],\n",
       "        [0.61651215, 1.        , 0.55398727, 0.67932261],\n",
       "        [0.68902344, 0.55398727, 1.        , 0.7430066 ],\n",
       "        [0.88649167, 0.67932261, 0.7430066 , 1.        ]],\n",
       "\n",
       "       [[1.        , 0.60267528, 0.55179634, 0.83046061],\n",
       "        [0.60267528, 1.        , 0.52613913, 0.73333818],\n",
       "        [0.55179634, 0.52613913, 1.        , 0.61720119],\n",
       "        [0.83046061, 0.73333818, 0.61720119, 1.        ]],\n",
       "\n",
       "       [[1.        , 0.39732629, 0.34316567, 0.70862419],\n",
       "        [0.39732629, 1.        , 0.3626878 , 0.48204836],\n",
       "        [0.34316567, 0.3626878 , 1.        , 0.49069447],\n",
       "        [0.70862419, 0.48204836, 0.49069447, 1.        ]],\n",
       "\n",
       "...\n",
       "\n",
       "       [[1.        , 0.48090893, 0.41006252, 0.79590872],\n",
       "        [0.48090893, 1.        , 0.39604633, 0.50771438],\n",
       "        [0.41006252, 0.39604633, 1.        , 0.61065965],\n",
       "        [0.79590872, 0.50771438, 0.61065965, 1.        ]],\n",
       "\n",
       "       [[1.        , 0.59589597, 0.31192156, 0.71193696],\n",
       "        [0.59589597, 1.        , 0.47462408, 0.5778028 ],\n",
       "        [0.31192156, 0.47462408, 1.        , 0.41152133],\n",
       "        [0.71193696, 0.5778028 , 0.41152133, 1.        ]],\n",
       "\n",
       "       [[1.        , 0.56406054, 0.52514908, 0.84227773],\n",
       "        [0.56406054, 1.        , 0.47378301, 0.55902346],\n",
       "        [0.52514908, 0.47378301, 1.        , 0.57860385],\n",
       "        [0.84227773, 0.55902346, 0.57860385, 1.        ]],\n",
       "\n",
       "       [[1.        , 0.60190464, 0.54854453, 0.82977004],\n",
       "        [0.60190464, 1.        , 0.58825282, 0.59894593],\n",
       "        [0.54854453, 0.58825282, 1.        , 0.65786889],\n",
       "        [0.82977004, 0.59894593, 0.65786889, 1.        ]]])</pre></div></div></li><li class='xr-section-item'><input id='section-602ab05e-efeb-40f4-80bb-771bab9999f2' class='xr-section-summary-in' type='checkbox'  checked><label for='section-602ab05e-efeb-40f4-80bb-771bab9999f2' class='xr-section-summary' >Coordinates: <span>(2)</span></label><div class='xr-section-inline-details'></div><div class='xr-section-details'><ul class='xr-var-list'><li class='xr-var-item'><div class='xr-var-name'><span class='xr-has-index'>subject</span></div><div class='xr-var-dims'>(subject)</div><div class='xr-var-dtype'>object</div><div class='xr-var-preview xr-preview'>&#x27;AVGP01&#x27; &#x27;AVGP02&#x27; ... &#x27;NVGP19NEW&#x27;</div><input id='attrs-2408f7d3-219d-4d83-bfe1-28f6ea3e3e5f' class='xr-var-attrs-in' type='checkbox' disabled><label for='attrs-2408f7d3-219d-4d83-bfe1-28f6ea3e3e5f' title='Show/Hide attributes'><svg class='icon xr-icon-file-text2'><use xlink:href='#icon-file-text2'></use></svg></label><input id='data-262d5b6f-444d-46c0-b384-85fb02e68ed6' class='xr-var-data-in' type='checkbox'><label for='data-262d5b6f-444d-46c0-b384-85fb02e68ed6' title='Show/Hide data repr'><svg class='icon xr-icon-database'><use xlink:href='#icon-database'></use></svg></label><div class='xr-var-attrs'><dl class='xr-attrs'></dl></div><div class='xr-var-data'><pre>array([&#x27;AVGP01&#x27;, &#x27;AVGP02&#x27;, &#x27;AVGP03&#x27;, &#x27;AVGP04&#x27;, &#x27;AVGP05&#x27;, &#x27;AVGP08&#x27;, &#x27;AVGP10&#x27;,\n",
       "       &#x27;AVGP12NEW&#x27;, &#x27;AVGP13&#x27;, &#x27;AVGP13NEW&#x27;, &#x27;AVGP14&#x27;, &#x27;AVGP14NEW&#x27;, &#x27;AVGP16NEW&#x27;,\n",
       "       &#x27;AVGP17NEW&#x27;, &#x27;AVGP18&#x27;, &#x27;AVGP20&#x27;, &#x27;NVGP01&#x27;, &#x27;NVGP03&#x27;, &#x27;NVGP04&#x27;, &#x27;NVGP06&#x27;,\n",
       "       &#x27;NVGP07&#x27;, &#x27;NVGP08&#x27;, &#x27;NVGP10&#x27;, &#x27;NVGP12&#x27;, &#x27;NVGP13&#x27;, &#x27;NVGP14&#x27;, &#x27;NVGP15&#x27;,\n",
       "       &#x27;NVGP16&#x27;, &#x27;NVGP17&#x27;, &#x27;NVGP17NEW&#x27;, &#x27;NVGP19&#x27;, &#x27;NVGP19NEW&#x27;], dtype=object)</pre></div></li><li class='xr-var-item'><div class='xr-var-name'><span class='xr-has-index'>node</span></div><div class='xr-var-dims'>(node)</div><div class='xr-var-dtype'>&lt;U3</div><div class='xr-var-preview xr-preview'>&#x27;CON&#x27; &#x27;DAN&#x27; &#x27;FPN&#x27; &#x27;VAN&#x27;</div><input id='attrs-a0a06415-ec88-42eb-af53-4c793e01415d' class='xr-var-attrs-in' type='checkbox' disabled><label for='attrs-a0a06415-ec88-42eb-af53-4c793e01415d' title='Show/Hide attributes'><svg class='icon xr-icon-file-text2'><use xlink:href='#icon-file-text2'></use></svg></label><input id='data-ff742f92-aa77-4c9d-95e7-9e2fc467e07c' class='xr-var-data-in' type='checkbox'><label for='data-ff742f92-aa77-4c9d-95e7-9e2fc467e07c' title='Show/Hide data repr'><svg class='icon xr-icon-database'><use xlink:href='#icon-database'></use></svg></label><div class='xr-var-attrs'><dl class='xr-attrs'></dl></div><div class='xr-var-data'><pre>array([&#x27;CON&#x27;, &#x27;DAN&#x27;, &#x27;FPN&#x27;, &#x27;VAN&#x27;], dtype=&#x27;&lt;U3&#x27;)</pre></div></li></ul></div></li><li class='xr-section-item'><input id='section-669b9375-038c-4e89-8be7-4d4d3273a823' class='xr-section-summary-in' type='checkbox'  ><label for='section-669b9375-038c-4e89-8be7-4d4d3273a823' class='xr-section-summary' >Indexes: <span>(2)</span></label><div class='xr-section-inline-details'></div><div class='xr-section-details'><ul class='xr-var-list'><li class='xr-var-item'><div class='xr-index-name'><div>subject</div></div><div class='xr-index-preview'>PandasIndex</div><div></div><input id='index-1302ff05-da9b-43c8-8c4f-11ba10dcb93c' class='xr-index-data-in' type='checkbox'/><label for='index-1302ff05-da9b-43c8-8c4f-11ba10dcb93c' title='Show/Hide index repr'><svg class='icon xr-icon-database'><use xlink:href='#icon-database'></use></svg></label><div class='xr-index-data'><pre>PandasIndex(Index([&#x27;AVGP01&#x27;, &#x27;AVGP02&#x27;, &#x27;AVGP03&#x27;, &#x27;AVGP04&#x27;, &#x27;AVGP05&#x27;, &#x27;AVGP08&#x27;, &#x27;AVGP10&#x27;,\n",
       "       &#x27;AVGP12NEW&#x27;, &#x27;AVGP13&#x27;, &#x27;AVGP13NEW&#x27;, &#x27;AVGP14&#x27;, &#x27;AVGP14NEW&#x27;, &#x27;AVGP16NEW&#x27;,\n",
       "       &#x27;AVGP17NEW&#x27;, &#x27;AVGP18&#x27;, &#x27;AVGP20&#x27;, &#x27;NVGP01&#x27;, &#x27;NVGP03&#x27;, &#x27;NVGP04&#x27;, &#x27;NVGP06&#x27;,\n",
       "       &#x27;NVGP07&#x27;, &#x27;NVGP08&#x27;, &#x27;NVGP10&#x27;, &#x27;NVGP12&#x27;, &#x27;NVGP13&#x27;, &#x27;NVGP14&#x27;, &#x27;NVGP15&#x27;,\n",
       "       &#x27;NVGP16&#x27;, &#x27;NVGP17&#x27;, &#x27;NVGP17NEW&#x27;, &#x27;NVGP19&#x27;, &#x27;NVGP19NEW&#x27;],\n",
       "      dtype=&#x27;object&#x27;, name=&#x27;subject&#x27;))</pre></div></li><li class='xr-var-item'><div class='xr-index-name'><div>node</div></div><div class='xr-index-preview'>PandasIndex</div><div></div><input id='index-5f6d0f74-6a30-4fb5-956f-b43fdb17c603' class='xr-index-data-in' type='checkbox'/><label for='index-5f6d0f74-6a30-4fb5-956f-b43fdb17c603' title='Show/Hide index repr'><svg class='icon xr-icon-database'><use xlink:href='#icon-database'></use></svg></label><div class='xr-index-data'><pre>PandasIndex(Index([&#x27;CON&#x27;, &#x27;DAN&#x27;, &#x27;FPN&#x27;, &#x27;VAN&#x27;], dtype=&#x27;object&#x27;, name=&#x27;node&#x27;))</pre></div></li></ul></div></li><li class='xr-section-item'><input id='section-b66f23c9-c5fd-402a-acd6-aa8d95b50af3' class='xr-section-summary-in' type='checkbox' disabled ><label for='section-b66f23c9-c5fd-402a-acd6-aa8d95b50af3' class='xr-section-summary'  title='Expand/collapse section'>Attributes: <span>(0)</span></label><div class='xr-section-inline-details'></div><div class='xr-section-details'><dl class='xr-attrs'></dl></div></li></ul></div></div>"
      ],
      "text/plain": [
       "<xarray.DataArray 'connectivity' (subject: 32, node: 4)>\n",
       "array([[[1.        , 0.71543554, 0.60001409, 0.83643108],\n",
       "        [0.71543554, 1.        , 0.78156761, 0.87286613],\n",
       "        [0.60001409, 0.78156761, 1.        , 0.80792602],\n",
       "        [0.83643108, 0.87286613, 0.80792602, 1.        ]],\n",
       "\n",
       "       [[1.        , 0.61651215, 0.68902344, 0.88649167],\n",
       "        [0.61651215, 1.        , 0.55398727, 0.67932261],\n",
       "        [0.68902344, 0.55398727, 1.        , 0.7430066 ],\n",
       "        [0.88649167, 0.67932261, 0.7430066 , 1.        ]],\n",
       "\n",
       "       [[1.        , 0.60267528, 0.55179634, 0.83046061],\n",
       "        [0.60267528, 1.        , 0.52613913, 0.73333818],\n",
       "        [0.55179634, 0.52613913, 1.        , 0.61720119],\n",
       "        [0.83046061, 0.73333818, 0.61720119, 1.        ]],\n",
       "\n",
       "       [[1.        , 0.39732629, 0.34316567, 0.70862419],\n",
       "        [0.39732629, 1.        , 0.3626878 , 0.48204836],\n",
       "        [0.34316567, 0.3626878 , 1.        , 0.49069447],\n",
       "        [0.70862419, 0.48204836, 0.49069447, 1.        ]],\n",
       "\n",
       "...\n",
       "\n",
       "       [[1.        , 0.48090893, 0.41006252, 0.79590872],\n",
       "        [0.48090893, 1.        , 0.39604633, 0.50771438],\n",
       "        [0.41006252, 0.39604633, 1.        , 0.61065965],\n",
       "        [0.79590872, 0.50771438, 0.61065965, 1.        ]],\n",
       "\n",
       "       [[1.        , 0.59589597, 0.31192156, 0.71193696],\n",
       "        [0.59589597, 1.        , 0.47462408, 0.5778028 ],\n",
       "        [0.31192156, 0.47462408, 1.        , 0.41152133],\n",
       "        [0.71193696, 0.5778028 , 0.41152133, 1.        ]],\n",
       "\n",
       "       [[1.        , 0.56406054, 0.52514908, 0.84227773],\n",
       "        [0.56406054, 1.        , 0.47378301, 0.55902346],\n",
       "        [0.52514908, 0.47378301, 1.        , 0.57860385],\n",
       "        [0.84227773, 0.55902346, 0.57860385, 1.        ]],\n",
       "\n",
       "       [[1.        , 0.60190464, 0.54854453, 0.82977004],\n",
       "        [0.60190464, 1.        , 0.58825282, 0.59894593],\n",
       "        [0.54854453, 0.58825282, 1.        , 0.65786889],\n",
       "        [0.82977004, 0.59894593, 0.65786889, 1.        ]]])\n",
       "Coordinates:\n",
       "  * subject  (subject) object 'AVGP01' 'AVGP02' ... 'NVGP19' 'NVGP19NEW'\n",
       "  * node     (node) <U3 'CON' 'DAN' 'FPN' 'VAN'"
      ]
     },
     "execution_count": 22,
     "metadata": {},
     "output_type": "execute_result"
    }
   ],
   "source": [
    "p = Parcellation(atlas_name='friedman2020')\n",
    "p.fit_transform(X)\n",
    "p.dataset_\n",
    "\n",
    "c = ConnectivityPipeline(atlas='friedman2020')\n",
    "c.transform('all')\n",
    "c.dataset_"
   ]
  }
 ],
 "metadata": {
  "kernelspec": {
   "display_name": "acnets",
   "language": "python",
   "name": "python3"
  },
  "language_info": {
   "codemirror_mode": {
    "name": "ipython",
    "version": 3
   },
   "file_extension": ".py",
   "mimetype": "text/x-python",
   "name": "python",
   "nbconvert_exporter": "python",
   "pygments_lexer": "ipython3",
   "version": "3.10.9"
  },
  "orig_nbformat": 4
 },
 "nbformat": 4,
 "nbformat_minor": 2
}
